005930
000660
373220
207940
005380
035420
035720
051910
005490
068270
028260
006400
105560
055550
012330
096770
034730
003550
259960
066570
000270
018260
032830
003670
017670
009150
011170
086790
015760
033780
036570
024110
010950
000810
329180
034220
251270
006800
000100
009540
402340
042700
009830
047810
010130
128940
377300
138040
161390
267250
004020
012450
003490
021240
051900
011070
180640
011200
010140
069960
003540
011780
302440
139480
071050
000150
058470
285130
004170
090430
034020
097950
010620
086280
018880
352820
028670
008770
078930
016360
003230
032640
009970
005830
241560
047050
003410
272210
009420
010120
005387
005385
008930
029780
033250
352820
003030
011790
011210
071970
267260
004370
005940
081660
000720
036460
006360
001040
023530
003690
079550
007070
009290
138930
035250
030200
042660
004990
012750
001450
028050
010780
069620
023590
000120
028300
004000
005850
014680
000240
001230
086520
069960
383220
267980